6.365141682948127766e-01
1.332179040210122345e+00
1.332179040210122345e+00
1.277034259466139021e+00
1.359236700665006348e+00
7.757144728494316244e-01
1.489859299146890192e+00
1.249244494509400560e+00
1.934520806901278478e+00
1.868745990784668631e+00
2.306087370174374485e+00
1.715729343624493586e+00
2.392798414815005881e+00
2.334975420291925730e+00
2.112576922850091243e+00
2.394753206872316298e+00
2.241059408096591099e+00
2.361509623151241577e+00
1.985267077341376973e+00
1.883227134016554283e+00
2.037026144402314998e+00
2.160712285027698076e+00
1.332301581497989051e+00
2.029510708740680958e+00
2.026124082227186651e+00
2.019460323332243679e+00
2.127931260471826125e+00
1.662004690015029595e+00
1.562101710618827854e-01
2.327269962669563874e+00
2.315040159489727856e+00
2.409129377961951590e+00
8.524199092845278214e-01
1.998953463851503631e+00
2.198888465146068505e+00
2.203556013241406930e+00
9.399408669616717837e-01
2.456212404005765571e+00
2.305688073712166108e+00
1.828973988688972430e+00
1.404228439754779734e+00
2.312805776227086163e+00
2.426152209324258902e+00
2.203987758941556407e+00
2.255177683984188608e+00
2.291365718846896993e+00
1.600100657707884011e+00
2.315740571735670272e+00
1.915174328051242991e+00
2.268941015057157173e+00
1.377704397261143021e-01
4.975778192967414970e-01
-0.000000000000000000e+00
9.830652220130755570e-01
3.662890888860384497e-01
1.250873807087713008e+00
2.074693212641260942e-01
1.100614613150844523e+00
2.797680299413839999e-01
4.568838907398363458e-02
-0.000000000000000000e+00
4.508644562419489299e-01
7.536085575648621138e-01
1.415303369179877535e+00
1.587896534200185839e+00
3.132598546890935642e-01
1.444731770077277710e+00
9.921287855883516027e-01
5.132856454862966267e-01
1.219197844479124493e+00
4.568838907398363458e-02
1.007142841255432630e+00
1.203710193475351797e+00
2.130999589382576609e+00
3.096571376793361141e-01
2.491369664874384382e-01
2.050013299878361561e+00
2.293876288126842411e+00
8.199817977525925006e-01
2.496234164993127447e+00
2.126202533802613814e+00
3.769717246851644332e-01
7.469472522296040085e-01
9.409674159032356267e-01
2.292832104831074691e+00
2.462820852226357271e+00
5.919454515081872259e-01
1.719037743579756583e+00
1.200226836881929549e+00
6.533688680043800989e-01
2.020407359101369149e+00
5.731957605461269756e-01
2.490178511577251785e-01
1.761966576167072418e+00
1.753226852240125977e+00
8.279940893630322041e-01
6.551524049567519770e-01
1.209181035327802745e+00
4.644168800635382621e-01
9.131526176425600050e-02
4.568838907398363458e-02
1.414103200089257273e+00
1.439728953671173928e+00
7.070534714832132916e-01
2.161968652471655261e+00
6.258699292701670469e-01
8.542482051558699663e-01
1.036177428751443141e+00
9.131526176425600050e-02
-0.000000000000000000e+00
2.298760068732353945e-01
1.525589663887322311e+00
5.430158009372264560e-01
9.342867861473528324e-01
4.879133201262200181e-01
1.111314043196799106e-01
1.309127209356590660e+00
1.646685228970527604e+00
1.398067443485754069e+00
-0.000000000000000000e+00
6.440367065997391061e-01
4.568838907398363458e-02
1.451028539245350357e+00
1.422034565632843028e+00
2.242674884153411430e+00
1.668549603377266877e+00
1.595858936210460488e+00
1.175453573645563132e+00
5.912758660689553247e-01
1.069751423218070263e+00
1.703152971904871471e+00
1.672268487655238056e+00
2.180346025135730947e+00
1.409774804772842227e+00
2.500081794821299663e+00
2.017974412554705665e+00
2.198696084969763653e+00
1.808846403566923611e+00
1.386733695641180764e-01
2.367116364600427403e+00
2.001961354444849572e+00
2.257212842106723905e+00
2.447585138809776240e+00
1.957171174175101669e+00
1.685962342138029868e+00
2.143526690278108937e+00
1.166228665331159542e+00
2.506472276947452116e+00
8.785858336190948137e-01
1.576505486486426522e+00
1.766859395807680810e+00
2.265322872497185447e+00
1.639902499789856805e+00
4.270683612937714591e-01
1.933824374019949000e+00
2.189015630682399127e+00
1.693638360744323501e+00
2.298760068732353945e-01
1.041151773255395652e+00
1.477950508691492582e+00
1.042464199585943385e+00
-0.000000000000000000e+00
1.322385076141934013e+00
4.771367611128721764e-01
5.047041940481000744e-01
2.751393610913331900e-01
8.465279097946367681e-01
5.432002962977734439e-01
1.015177802164523690e+00
6.752479457505335958e-01
2.689376052451348809e-01
4.568838907398363458e-02
6.783030769392599524e-01
4.568838907398363458e-02
5.972810932489241997e-01
1.176632715586662714e+00
1.874869972522618999e+00
2.718488284344676709e-01
3.818582656708315870e-01
1.065256405083914171e+00
1.476209636722529694e+00
1.638295866032239090e+00
1.900883736400975188e+00
-0.000000000000000000e+00
1.779484919440229573e+00
3.893682010078193256e-01
7.419624324241255175e-01
1.979151527078386374e+00
7.786169158652470612e-01
1.811911394866079217e+00
2.032020861013789315e+00
1.465960119329038358e+00
1.628054948336503438e+00
2.396454002938496863e+00
2.310263618794196283e+00
1.977057618384611137e+00
2.474242536646971580e+00
2.385673017943791052e+00
2.460912440346830987e+00
1.497365787153380090e+00
8.482604599269438772e-01
2.197178979771551521e+00
-0.000000000000000000e+00
2.366185554463240415e-01
1.912427097170267820e-01
2.261243049709833031e+00
-0.000000000000000000e+00
2.771133574914558806e-01
1.156968173385799270e+00
2.096882538315457012e+00
2.285952606949348542e+00
2.452465209940666746e+00
2.280206047001530845e+00
2.084637304686054016e+00
1.482412256519165750e+00
1.959265008830387345e+00
4.807943713975491584e-01
1.293964092046306469e+00
1.004230208034756933e+00
1.260497051390895851e-01
9.131526176425600050e-02
9.131526176425600050e-02
1.132308706984108904e+00
2.059078147295994032e+00
2.360028485948672650e+00
8.973859392308407568e-01
2.058502792166344353e+00
1.490923525508778935e+00
2.305817309633423129e+00
2.216203233208622336e+00
2.420980912322769463e+00
2.370938225525037968e+00
1.082407139777316951e+00
1.874745910479792554e+00
1.393109372317010042e+00
1.806499591894087375e+00
1.848536770658916639e+00
2.445228489693413110e+00
2.107992685797420052e+00
2.142752255977834697e+00
2.199052010147843905e+00
2.658051750393803925e+00
2.407044031184666366e+00
6.971258209021267138e-01
2.587229303680337988e+00
4.568838907398363458e-02
2.269452049574214314e+00
4.568838907398363458e-02
1.231846229013596528e+00
1.524737226685854097e+00
7.793436656118588601e-01
4.568838907398363458e-02
1.420212277029800241e+00
2.209429842547301348e+00
1.510987877716294392e+00
3.443179251046085687e-01
1.983700779492179489e+00
2.187566205532852859e+00
2.499112363130367775e+00
2.124194649659781220e+00
2.358721244129921235e+00
2.220797617003569258e+00
1.645839784553470686e+00
2.472534803044621476e+00
2.252018043255668900e+00
1.805620968615975208e+00
2.387700802839382241e+00
9.372853360495128072e-01
7.257613056069145419e-01
1.798490501961739430e+00
1.322693756269993637e+00
1.904174246612593047e+00
2.128999322380281889e+00
1.638384174344318822e+00
8.692082550270834318e-01
2.299780919070687268e+00
1.930191776157258676e+00
1.731083694156592578e+00
1.623572371541014858e+00
2.383975215929603930e+00
2.253464899251781173e+00
2.214012579897830069e+00
1.744074177673922366e+00
1.952486679018494709e+00
1.897806874359247331e+00
1.126563317130037545e+00
8.785045437182161798e-01
2.556408453307408291e-01
6.116356478437239286e-01
1.368801298353387041e-01
1.840377312468675308e+00
1.936154609774137114e+00
1.579977721128482004e+00
9.517275501307499441e-01
8.660024430609646329e-01
2.263267007293442656e+00
5.776029704391465458e-01
1.585546355374978900e+00
2.042216037897467640e+00
1.866102022058617083e+00
1.168773169435011638e+00
1.780323648842953910e+00
2.621728405311316568e+00
2.297458046178084246e+00
2.125459812965206030e+00
1.495258764899693782e+00
4.568838907398363458e-02
6.913170041253917653e-01
3.192161912533834078e-01
1.960121414656726513e+00
9.598885157589976957e-01
3.895968001355212262e-01
5.579125101382546026e-01
1.980563327954722563e+00
1.636828948622957913e+00
2.556408453307408291e-01
8.084359983912619008e-01
2.088953446222369781e+00
1.959374674040178954e+00
1.260497051390895851e-01
1.737406599387059325e+00
1.395663146834644319e+00
1.392516184430333759e+00
1.774769435044898591e+00
1.812429496507790949e+00
4.568838907398363458e-02
6.871537519156893925e-01
1.323993540166351845e+00
4.104882576734273369e-01
1.581217881056314001e+00
5.591126642788130097e-01
4.568838907398363458e-02
8.487219681629001311e-01
3.733508517010822869e-01
8.985125919296912400e-01
2.544465383235392508e-01
-0.000000000000000000e+00
1.432384223336500284e+00
8.003043253830904868e-01
4.169539711159105377e-01
-0.000000000000000000e+00
2.037056587193384782e+00
1.276785552140645263e+00
2.351643829347054293e+00
4.930579997670307413e-01
2.177378246586852306e+00
2.105359321871952183e+00
4.917028452664558569e-01
5.370259412630423723e-01
2.205648664306349094e+00
6.858731206421084803e-01
1.333088678472416300e+00
1.773904408944686928e+00
1.233379025918549754e+00
1.061463978070941172e+00
1.508841375848573252e+00
2.057384775729131476e+00
1.260497051390895851e-01
7.319124574155486673e-01
2.185313928108264747e+00
2.101318295856932750e+00
4.957126722169588606e-01
2.358271138777524811e+00
2.172005862034747103e+00
1.770468174095642278e+00
9.409153479013480093e-01
1.514969411036326541e+00
2.045439054202129903e+00
2.029933929236762413e+00
8.817693897388386715e-01
1.390607984547411191e-01
1.111314043196799106e-01
1.119290069081614991e+00
1.125580096296838750e+00
2.169914352326855755e-01
2.345207886651327900e-01
4.199891719888434460e-01
-0.000000000000000000e+00
-0.000000000000000000e+00
6.479083569387031893e-01
-0.000000000000000000e+00
1.433378064642767846e+00
1.258654332186745162e+00
1.191836502643519147e+00
1.444891858912010996e+00
1.611169592914323268e+00
4.568838907398363458e-02
5.506030045416339114e-01
1.376004209771517495e+00
2.672213883061206552e+00
8.048483706800685367e-02
5.498647956982044560e-01
1.382656430799528380e+00
1.449596386018844330e+00
2.190455821769862754e-01
9.483347145832764502e-01
4.384395787169108605e-01
1.771615288082088124e+00
1.812100473802001233e+00
2.178400543956146240e+00
2.575521327402489291e+00
2.238135854206587005e+00
1.594931272131944633e+00
2.462161254936975130e+00
1.011404264707351786e+00
9.358591289054980500e-01
1.749993806191502355e+00
1.786609143299709102e+00
1.272309129439254116e+00
7.961034989821129670e-01
1.303734302643017706e+00
1.217440862522773060e+00
9.026801822377275020e-01
1.727033139386772387e+00
1.111314043196799106e-01
1.635667772610186033e+00
8.002868303096182245e-01
8.048483706800685367e-02
1.011883836675778969e+00
1.002812493142126726e+00
1.798143782196969465e+00
2.702386917984144432e+00
2.712072211569229729e+00
2.629125164249859647e+00
2.519312380109936189e+00
2.110269358595564082e+00
2.391287064443233579e+00
2.490178511577251785e-01
2.514493728986604726e+00
1.396109622927180327e+00
1.755102130643461322e+00
1.674089350995497938e+00
2.467864931349069479e+00
2.360110366846097651e+00
2.027028240174284957e+00
1.988225787402919664e+00
2.493202433061628920e+00
1.999602270662361958e+00
2.174757010850211003e+00
2.032325594048527861e+00
1.321211770987201328e+00
2.299524403925913063e+00
1.574826016459025979e+00
1.711034620736581635e+00
9.860928006805600443e-01
1.953976442638707844e+00
1.233135388705864255e+00
1.080232285557290783e+00
1.540010313160899313e+00
2.181985562019668645e+00
1.787753322239521880e+00
7.783118075961613647e-01
9.430210203439624017e-01
-0.000000000000000000e+00
9.388871583356578343e-01
3.787663754392721072e-01
6.683806622072357984e-01
-0.000000000000000000e+00
1.892089805381669543e-01
1.188262356609962378e+00
1.016509745160605993e+00
1.311689193620797944e+00
2.995630226463795731e-01
2.124749734769291187e+00
-0.000000000000000000e+00
1.390607984547411191e-01
1.958234641833924483e+00
8.610128603497572142e-01
1.284108558956991386e+00
6.885360899918415711e-01
1.323948167282248400e+00
1.897378699448055261e+00
3.615293165093350636e-01
1.256091311287211187e+00
2.170098124290407160e+00
4.198996993432148606e-01
2.190455821769862754e-01
1.159050576087593765e+00
1.949077706337421834e+00
8.317397752778094011e-01
1.422705512607328915e+00
9.576450024804394889e-01
1.475866850298841904e+00
9.142462928012872192e-01
1.686949472152002638e+00
1.299581725962703826e+00
4.051580090984284177e-01
1.459457713426495884e+00
1.187872997189625135e+00
1.382751612413567033e+00
1.389071607825254517e+00
1.920598034748198124e+00
2.134570144248357337e+00
2.240403246146418947e+00
2.328091337412355522e+00
2.361745308310169822e+00
8.942142446089885732e-01
2.512479125338956454e+00
2.492256463434459945e+00
2.157363951216451525e+00
2.217794591004990323e+00
2.058192996036159794e+00
2.227574470578653987e+00
2.226555050607810671e+00
1.838993753474063020e+00
2.208855132645657804e+00
1.976266184526567882e+00
1.809158184441250539e+00
2.028046767775970149e+00
1.749493825393661828e+00
1.890557011391566400e+00
1.661322839318102096e+00
1.679204331602706990e+00
1.484457535817486074e+00
1.517151584893291494e+00
1.517106397061027456e+00
1.468139939016208650e+00
1.747868097466757309e+00
9.556998911125342833e-01
1.054920167986144186e+00
1.609437912434100504e+00
9.502705392332346790e-01
6.365141682948127766e-01
6.365141682948127766e-01
