0.034637405
0.055763359
0.055763359
0.061641221
0.079103053
0.124179389
0.162671756
0.147862595
0.200248092
0.227175573
0.268034351
0.209103053
0.273416031
0.279236641
0.264885496
0.311717557
0.280744275
0.289064885
0.275133588
0.310076336
0.307480916
0.351908397
0.283530534
0.359446565
0.331965649
0.373854962
0.354370229
0.319217557
0.088683206
0.44139313
0.392290076
0.449351145
0.167080153
0.369370229
0.348129771
0.414503817
0.185935115
0.412080153
0.390038168
0.361755725
0.30528626
0.377748092
0.429160305
0.241450382
0.379484733
0.431507634
0.315057252
0.409370229
0.325057252
0.370534351
0.039828244
0.074083969
0.008778626
0.155419847
0.068549618
0.184847328
0.058625954
0.152881679
0.05639313
0.008778626
0
0.090209924
0.105019084
0.195171756
0.250171756
0.049045802
0.216793893
0.161259542
0.104007634
0.168015267
0.01139313
0.209732824
0.174007634
0.37629771
0.0925
0.128206107
0.364427481
0.366316794
0.194389313
0.431812977
0.381736641
0.109675573
0.166984733
0.165534351
0.429561069
0.408721374
0.134561069
0.292232824
0.218358779
0.104045802
0.31009542
0.116603053
0.06610687
0.283339695
0.239446565
0.115877863
0.117022901
0.188053435
0.062671756
0.024179389
0.009446565
0.232480916
0.220019084
0.081374046
0.36721374
0.153091603
0.118549618
0.131641221
0.021240458
0
0.047843511
0.239656489
0.09639313
0.159847328
0.093396947
0.018645038
0.220133588
0.306889313
0.211545802
0
0.12509542
0.011774809
0.223721374
0.241812977
0.407919847
0.31379771
0.258912214
0.154599237
0.092996183
0.151812977
0.254732824
0.276908397
0.362538168
0.252576336
0.441946565
0.324732824
0.357709924
0.318416031
0.052805344
0.435763359
0.36879771
0.431316794
0.422881679
0.352919847
0.296679389
0.407633588
0.160152672
0.412480916
0.150992366
0.245076336
0.300954198
0.390076336
0.324293893
0.079083969
0.394408397
0.337843511
0.306736641
0.047270992
0.14471374
0.245458015
0.181793893
0
0.173377863
0.07221374
0.076316794
0.050305344
0.136431298
0.101087786
0.123625954
0.147366412
0.05139313
0.010782443
0.093396947
0.011145038
0.091354962
0.173931298
0.298778626
0.042328244
0.070438931
0.190019084
0.172061069
0.280648855
0.271583969
0
0.278358779
0.075706107
0.165725191
0.337175573
0.165992366
0.30528626
0.342099237
0.208816794
0.290362595
0.37351145
0.389408397
0.387938931
0.426908397
0.380458015
0.431583969
0.302423664
0.179675573
0.34028626
0
0.060591603
0.036660305
0.362232824
0
0.041946565
0.137022901
0.345534351
0.470572519
0.456832061
0.447347328
0.415916031
0.239618321
0.322442748
0.085725191
0.193912214
0.119083969
0.027270992
0.02398855
0.027767176
0.23480916
0.354751908
0.425267176
0.170534351
0.369561069
0.30221374
0.369847328
0.391068702
0.419274809
0.419847328
0.257099237
0.376183206
0.288683206
0.310858779
0.299885496
0.261335878
0.229427481
0.223645038
0.37278626
0.44990458
0.375782443
0.14648855
0.432538168
0.011622137
0.359274809
0.01240458
0.215171756
0.227270992
0.082041985
0.01240458
0.208167939
0.330057252
0.24120229
0.0775
0.281431298
0.314503817
0.406793893
0.379694656
0.402862595
0.247423664
0.219885496
0.329179389
0.345209924
0.285171756
0.366679389
0.137958015
0.102080153
0.318778626
0.188320611
0.320076336
0.327900763
0.235667939
0.13240458
0.378244275
0.32389313
0.251984733
0.301889313
0.413454198
0.334103053
0.350400763
0.323244275
0.321564885
0.297137405
0.149751908
0.13370229
0.054255725
0.104866412
0.040801527
0.31230916
0.345667939
0.251412214
0.210248092
0.121946565
0.373759542
0.082061069
0.291335878
0.349408397
0.322442748
0.259522901
0.339847328
0.417041985
0.358683206
0.376889313
0.292996183
0.01139313
0.109293893
0.043339695
0.3025
0.158759542
0.069408397
0.083931298
0.317843511
0.25379771
0.049599237
0.098263359
0.302366412
0.303244275
0.025687023
0.254656489
0.203454198
0.23480916
0.258778626
0.244732824
0.01240458
0.059484733
0.199083969
0.092843511
0.270496183
0.077977099
0.01240458
0.128091603
0.054141221
0.180343511
0.042996183
0
0.293167939
0.094580153
0.07490458
0
0.325019084
0.185057252
0.416164122
0.102824427
0.370133588
0.365820611
0.079656489
0.094064885
0.377919847
0.096335878
0.218645038
0.29610687
0.194122137
0.136641221
0.224580153
0.298053435
0.029217557
0.075305344
0.316965649
0.337366412
0.094561069
0.410992366
0.326164122
0.291431298
0.142538168
0.201469466
0.345916031
0.310343511
0.115152672
0.025248092
0.01778626
0.208358779
0.143740458
0.047480916
0.043683206
0.060534351
0
0
0.100935115
0
0.222767176
0.187557252
0.171278626
0.219026718
0.271125954
0.007977099
0.133091603
0.235572519
0.456603053
0.015973282
0.121507634
0.248167939
0.248339695
0.039351145
0.16139313
0.088301527
0.316145038
0.32221374
0.407938931
0.450267176
0.383683206
0.311049618
0.427099237
0.05721374
0.170057252
0.291316794
0.272900763
0.247480916
0.125
0.26648855
0.225820611
0.149122137
0.321946565
0.020973282
0.303396947
0.161908397
0.015152672
0.199198473
0.213206107
0.286030534
0.47730916
0.455687023
0.431240458
0.422442748
0.36110687
0.404255725
0.066545802
0.451793893
0.24148855
0.320400763
0.24480916
0.394770992
0.422538168
0.379198473
0.417996183
0.42139313
0.306221374
0.369561069
0.354694656
0.245801527
0.345229008
0.325458015
0.330076336
0.140553435
0.403740458
0.215534351
0.239141221
0.271164122
0.337156489
0.340152672
0.149866412
0.167442748
0
0.110343511
0.058625954
0.099160305
0
0.033587786
0.161832061
0.118320611
0.187709924
0.039446565
0.357519084
0
0.022099237
0.340419847
0.117328244
0.231774809
0.139408397
0.189141221
0.32519084
0.086335878
0.20009542
0.385839695
0.077385496
0.045248092
0.138740458
0.325400763
0.106679389
0.253053435
0.190896947
0.214103053
0.122633588
0.324561069
0.246125954
0.094732824
0.265591603
0.269770992
0.24860687
0.307061069
0.337251908
0.398473282
0.359561069
0.347996183
0.332767176
0.206946565
0.354427481
0.334255725
0.263110687
0.248244275
0.219045802
0.231851145
0.208053435
0.162958015
0.185305344
0.159484733
0.14110687
0.154179389
0.156450382
0.14379771
0.127843511
0.123053435
0.102862595
0.109179389
0.097671756
0.091698473
0.074179389
0.058664122
0.050534351
0.05620229
0.050896947
0.031851145
0.031851145